{"nbformat":4,"nbformat_minor":0,"metadata":{"colab":{"name":"Name similarity Product recommendation.ipynb","provenance":[],"collapsed_sections":[],"toc_visible":true},"kernelspec":{"name":"python3","display_name":"Python 3"}},"cells":[{"cell_type":"code","metadata":{"id":"0BfvoKFX40JJ","colab":{"base_uri":"https://localhost:8080/"},"executionInfo":{"status":"ok","timestamp":1620290711053,"user_tz":-330,"elapsed":2216,"user":{"displayName":"Dominic Michael Silveira","photoUrl":"https://lh3.googleusercontent.com/a-/AOh14GiJLR6XIeVznj5Eft9S5VVL49aIe4C7lu9rWUPRC4g=s64","userId":"08229176185667835276"}},"outputId":"6a87f569-ee15-42ac-90f7-0a01c2416585"},"source":["from google.colab import drive\n","drive.mount('/content/drive')"],"execution_count":1,"outputs":[{"output_type":"stream","text":["Drive already mounted at /content/drive; to attempt to forcibly remount, call drive.mount(\"/content/drive\", force_remount=True).\n"],"name":"stdout"}]},{"cell_type":"code","metadata":{"id":"C51Uhwzc3ifK","executionInfo":{"status":"ok","timestamp":1620290715982,"user_tz":-330,"elapsed":3604,"user":{"displayName":"Dominic Michael Silveira","photoUrl":"https://lh3.googleusercontent.com/a-/AOh14GiJLR6XIeVznj5Eft9S5VVL49aIe4C7lu9rWUPRC4g=s64","userId":"08229176185667835276"}}},"source":["from absl import logging\n","import tensorflow as tf\n","import tensorflow_hub as hub\n","import matplotlib.pyplot as plt\n","import numpy as np\n","import os\n","import pandas as pd\n","import re\n","import seaborn as sns\n","import requests\n","import pickle"],"execution_count":2,"outputs":[]},{"cell_type":"code","metadata":{"id":"LaMPY-3C5O3M","colab":{"base_uri":"https://localhost:8080/"},"executionInfo":{"status":"ok","timestamp":1620290716893,"user_tz":-330,"elapsed":3062,"user":{"displayName":"Dominic Michael Silveira","photoUrl":"https://lh3.googleusercontent.com/a-/AOh14GiJLR6XIeVznj5Eft9S5VVL49aIe4C7lu9rWUPRC4g=s64","userId":"08229176185667835276"}},"outputId":"fd541e9c-3f2b-48db-f6aa-07e88e4bd0ee"},"source":["%%bash\n","cd '/content/drive/My Drive/Colab Notebooks/product-recommendation/name-similarity-model'\n","ls"],"execution_count":3,"outputs":[{"output_type":"stream","text":["API\n","local\n","pretrained\n"],"name":"stdout"}]},{"cell_type":"code","metadata":{"id":"umYJtUgR6zgD","executionInfo":{"status":"ok","timestamp":1620290716893,"user_tz":-330,"elapsed":2070,"user":{"displayName":"Dominic Michael Silveira","photoUrl":"https://lh3.googleusercontent.com/a-/AOh14GiJLR6XIeVznj5Eft9S5VVL49aIe4C7lu9rWUPRC4g=s64","userId":"08229176185667835276"}}},"source":["pd.set_option('expand_frame_repr', False)\n","pd.set_option('display.max_columns', None)\n","pd.set_option('display.max_rows', None)\n","# pd.set_option('display.width', None)\n","\n","nb_closest_images=5\n","\n","folderPath='/content/drive/My Drive/Colab Notebooks/product-recommendation/name-similarity-model'\n","subfolder='API'\n","modelCSV=os.path.join(subfolder,'model.csv')\n","idsPickle=os.path.join(subfolder,'ids.pickle')\n","namesPickle=os.path.join(subfolder,'names.pickle')\n","namesMapPickle=os.path.join(subfolder,'namesMap.pickle')"],"execution_count":4,"outputs":[]},{"cell_type":"code","metadata":{"id":"v7ZmjiNk4PBC","executionInfo":{"status":"ok","timestamp":1620290764913,"user_tz":-330,"elapsed":22189,"user":{"displayName":"Dominic Michael Silveira","photoUrl":"https://lh3.googleusercontent.com/a-/AOh14GiJLR6XIeVznj5Eft9S5VVL49aIe4C7lu9rWUPRC4g=s64","userId":"08229176185667835276"}}},"source":["model=hub.load(os.path.join(folderPath,'pretrained','universal-sentence-encoder_4'))"],"execution_count":9,"outputs":[]},{"cell_type":"code","metadata":{"id":"lHwWZs3b334O"},"source":["# module_url = \"https://tfhub.dev/google/universal-sentence-encoder/4\" #@param [\"https://tfhub.dev/google/universal-sentence-encoder/4\", \"https://tfhub.dev/google/universal-sentence-encoder-large/5\"]\n","# model = hub.load(module_url)\n","# print (\"module %s loaded\" % module_url)"],"execution_count":null,"outputs":[]},{"cell_type":"code","metadata":{"colab":{"base_uri":"https://localhost:8080/","height":163},"id":"uLy9sHEWRBcI","executionInfo":{"status":"error","timestamp":1606406238561,"user_tz":-330,"elapsed":1309,"user":{"displayName":"Dominic Michael Silveira","photoUrl":"https://lh3.googleusercontent.com/a-/AOh14GiV--7JlTKVtWNq77RgKjySBXjo9jQU14q4v01C2A=s64","userId":"08229176185667835276"}},"outputId":"51917cda-084c-45bf-ca80-990e82eff5b9"},"source":["\n"],"execution_count":null,"outputs":[{"output_type":"error","ename":"AttributeError","evalue":"ignored","traceback":["\u001b[0;31m---------------------------------------------------------------------------\u001b[0m","\u001b[0;31mAttributeError\u001b[0m                            Traceback (most recent call last)","\u001b[0;32m<ipython-input-6-5f15418b3570>\u001b[0m in \u001b[0;36m<module>\u001b[0;34m()\u001b[0m\n\u001b[0;32m----> 1\u001b[0;31m \u001b[0mmodel\u001b[0m\u001b[0;34m.\u001b[0m\u001b[0msummary\u001b[0m\u001b[0;34m(\u001b[0m\u001b[0;34m)\u001b[0m\u001b[0;34m\u001b[0m\u001b[0;34m\u001b[0m\u001b[0m\n\u001b[0m","\u001b[0;31mAttributeError\u001b[0m: '_UserObject' object has no attribute 'summary'"]}]},{"cell_type":"code","metadata":{"id":"qP8QqjCF4CUa","executionInfo":{"status":"ok","timestamp":1620290766787,"user_tz":-330,"elapsed":1165,"user":{"displayName":"Dominic Michael Silveira","photoUrl":"https://lh3.googleusercontent.com/a-/AOh14GiJLR6XIeVznj5Eft9S5VVL49aIe4C7lu9rWUPRC4g=s64","userId":"08229176185667835276"}}},"source":["def embed(input):\n","    return model(input)"],"execution_count":10,"outputs":[]},{"cell_type":"code","metadata":{"id":"H_TrXncS4HR2","executionInfo":{"status":"ok","timestamp":1620290769399,"user_tz":-330,"elapsed":1131,"user":{"displayName":"Dominic Michael Silveira","photoUrl":"https://lh3.googleusercontent.com/a-/AOh14GiJLR6XIeVznj5Eft9S5VVL49aIe4C7lu9rWUPRC4g=s64","userId":"08229176185667835276"}}},"source":["def plot_similarity(ids,labels, features, rotation):\n","    corr = np.inner(features, features)\n","    sns.set(font_scale=1.2)\n","    g = sns.heatmap(\n","        corr,\n","        xticklabels=ids,\n","        yticklabels=ids,\n","        vmin=0,\n","        vmax=1,\n","        cmap=\"YlOrRd\"\n","    )\n","    g.set_xticklabels(ids, rotation=rotation)\n","    g.set_title(\"Semantic Textual Similarity\")"],"execution_count":11,"outputs":[]},{"cell_type":"code","metadata":{"id":"C9ch-6Gm4IaI","executionInfo":{"status":"ok","timestamp":1620290776964,"user_tz":-330,"elapsed":992,"user":{"displayName":"Dominic Michael Silveira","photoUrl":"https://lh3.googleusercontent.com/a-/AOh14GiJLR6XIeVznj5Eft9S5VVL49aIe4C7lu9rWUPRC4g=s64","userId":"08229176185667835276"}}},"source":["cos_similarities_df=None\n","\n","def run_and_plot(ids,messages_,plot=True,df=True):\n","    global cos_similarities_df\n","    message_embeddings_ = embed(messages_)\n","    corr = np.inner(message_embeddings_, message_embeddings_)\n","    cos_similarities_df = pd.DataFrame(corr, columns=ids, index=ids)\n","    cos_similarities_df.to_csv(\"trained.csv\")\n","    if plot==True and df==True:\n","        print(cos_similarities_df)\n","        plot_similarity(ids,messages_, message_embeddings_, 100)\n","    elif plot==True:\n","        plot_similarity(ids,messages_, message_embeddings_, 100)\n","    elif df==True:\n","        print(cos_similarities_df)"],"execution_count":12,"outputs":[]},{"cell_type":"code","metadata":{"id":"L0ylzL4sAbBL","colab":{"base_uri":"https://localhost:8080/","height":340},"executionInfo":{"status":"error","timestamp":1620290722751,"user_tz":-330,"elapsed":1502,"user":{"displayName":"Dominic Michael Silveira","photoUrl":"https://lh3.googleusercontent.com/a-/AOh14GiJLR6XIeVznj5Eft9S5VVL49aIe4C7lu9rWUPRC4g=s64","userId":"08229176185667835276"}},"outputId":"615dd35f-0812-44a4-dcb0-cbbc3ff81a05"},"source":["domain = 'http://832283cda031.ngrok.io'\n","fileurl = domain + '/api/products/dataset/names/'\n","\n","ids=list()\n","names=list()\n","\n","resp=requests.get(fileurl)\n","namesMap=resp.json()\n","print(type(namesMap),len(namesMap))"],"execution_count":8,"outputs":[{"output_type":"error","ename":"JSONDecodeError","evalue":"ignored","traceback":["\u001b[0;31m---------------------------------------------------------------------------\u001b[0m","\u001b[0;31mJSONDecodeError\u001b[0m                           Traceback (most recent call last)","\u001b[0;32m<ipython-input-8-b2357ac8bed4>\u001b[0m in \u001b[0;36m<module>\u001b[0;34m()\u001b[0m\n\u001b[1;32m      6\u001b[0m \u001b[0;34m\u001b[0m\u001b[0m\n\u001b[1;32m      7\u001b[0m \u001b[0mresp\u001b[0m\u001b[0;34m=\u001b[0m\u001b[0mrequests\u001b[0m\u001b[0;34m.\u001b[0m\u001b[0mget\u001b[0m\u001b[0;34m(\u001b[0m\u001b[0mfileurl\u001b[0m\u001b[0;34m)\u001b[0m\u001b[0;34m\u001b[0m\u001b[0;34m\u001b[0m\u001b[0m\n\u001b[0;32m----> 8\u001b[0;31m \u001b[0mnamesMap\u001b[0m\u001b[0;34m=\u001b[0m\u001b[0mresp\u001b[0m\u001b[0;34m.\u001b[0m\u001b[0mjson\u001b[0m\u001b[0;34m(\u001b[0m\u001b[0;34m)\u001b[0m\u001b[0;34m\u001b[0m\u001b[0;34m\u001b[0m\u001b[0m\n\u001b[0m\u001b[1;32m      9\u001b[0m \u001b[0mprint\u001b[0m\u001b[0;34m(\u001b[0m\u001b[0mtype\u001b[0m\u001b[0;34m(\u001b[0m\u001b[0mnamesMap\u001b[0m\u001b[0;34m)\u001b[0m\u001b[0;34m,\u001b[0m\u001b[0mlen\u001b[0m\u001b[0;34m(\u001b[0m\u001b[0mnamesMap\u001b[0m\u001b[0;34m)\u001b[0m\u001b[0;34m)\u001b[0m\u001b[0;34m\u001b[0m\u001b[0;34m\u001b[0m\u001b[0m\n","\u001b[0;32m/usr/local/lib/python3.7/dist-packages/requests/models.py\u001b[0m in \u001b[0;36mjson\u001b[0;34m(self, **kwargs)\u001b[0m\n\u001b[1;32m    896\u001b[0m                     \u001b[0;31m# used.\u001b[0m\u001b[0;34m\u001b[0m\u001b[0;34m\u001b[0m\u001b[0;34m\u001b[0m\u001b[0m\n\u001b[1;32m    897\u001b[0m                     \u001b[0;32mpass\u001b[0m\u001b[0;34m\u001b[0m\u001b[0;34m\u001b[0m\u001b[0m\n\u001b[0;32m--> 898\u001b[0;31m         \u001b[0;32mreturn\u001b[0m \u001b[0mcomplexjson\u001b[0m\u001b[0;34m.\u001b[0m\u001b[0mloads\u001b[0m\u001b[0;34m(\u001b[0m\u001b[0mself\u001b[0m\u001b[0;34m.\u001b[0m\u001b[0mtext\u001b[0m\u001b[0;34m,\u001b[0m \u001b[0;34m**\u001b[0m\u001b[0mkwargs\u001b[0m\u001b[0;34m)\u001b[0m\u001b[0;34m\u001b[0m\u001b[0;34m\u001b[0m\u001b[0m\n\u001b[0m\u001b[1;32m    899\u001b[0m \u001b[0;34m\u001b[0m\u001b[0m\n\u001b[1;32m    900\u001b[0m     \u001b[0;34m@\u001b[0m\u001b[0mproperty\u001b[0m\u001b[0;34m\u001b[0m\u001b[0;34m\u001b[0m\u001b[0m\n","\u001b[0;32m/usr/lib/python3.7/json/__init__.py\u001b[0m in \u001b[0;36mloads\u001b[0;34m(s, encoding, cls, object_hook, parse_float, parse_int, parse_constant, object_pairs_hook, **kw)\u001b[0m\n\u001b[1;32m    346\u001b[0m             \u001b[0mparse_int\u001b[0m \u001b[0;32mis\u001b[0m \u001b[0;32mNone\u001b[0m \u001b[0;32mand\u001b[0m \u001b[0mparse_float\u001b[0m \u001b[0;32mis\u001b[0m \u001b[0;32mNone\u001b[0m \u001b[0;32mand\u001b[0m\u001b[0;34m\u001b[0m\u001b[0;34m\u001b[0m\u001b[0m\n\u001b[1;32m    347\u001b[0m             parse_constant is None and object_pairs_hook is None and not kw):\n\u001b[0;32m--> 348\u001b[0;31m         \u001b[0;32mreturn\u001b[0m \u001b[0m_default_decoder\u001b[0m\u001b[0;34m.\u001b[0m\u001b[0mdecode\u001b[0m\u001b[0;34m(\u001b[0m\u001b[0ms\u001b[0m\u001b[0;34m)\u001b[0m\u001b[0;34m\u001b[0m\u001b[0;34m\u001b[0m\u001b[0m\n\u001b[0m\u001b[1;32m    349\u001b[0m     \u001b[0;32mif\u001b[0m \u001b[0mcls\u001b[0m \u001b[0;32mis\u001b[0m \u001b[0;32mNone\u001b[0m\u001b[0;34m:\u001b[0m\u001b[0;34m\u001b[0m\u001b[0;34m\u001b[0m\u001b[0m\n\u001b[1;32m    350\u001b[0m         \u001b[0mcls\u001b[0m \u001b[0;34m=\u001b[0m \u001b[0mJSONDecoder\u001b[0m\u001b[0;34m\u001b[0m\u001b[0;34m\u001b[0m\u001b[0m\n","\u001b[0;32m/usr/lib/python3.7/json/decoder.py\u001b[0m in \u001b[0;36mdecode\u001b[0;34m(self, s, _w)\u001b[0m\n\u001b[1;32m    335\u001b[0m \u001b[0;34m\u001b[0m\u001b[0m\n\u001b[1;32m    336\u001b[0m         \"\"\"\n\u001b[0;32m--> 337\u001b[0;31m         \u001b[0mobj\u001b[0m\u001b[0;34m,\u001b[0m \u001b[0mend\u001b[0m \u001b[0;34m=\u001b[0m \u001b[0mself\u001b[0m\u001b[0;34m.\u001b[0m\u001b[0mraw_decode\u001b[0m\u001b[0;34m(\u001b[0m\u001b[0ms\u001b[0m\u001b[0;34m,\u001b[0m \u001b[0midx\u001b[0m\u001b[0;34m=\u001b[0m\u001b[0m_w\u001b[0m\u001b[0;34m(\u001b[0m\u001b[0ms\u001b[0m\u001b[0;34m,\u001b[0m \u001b[0;36m0\u001b[0m\u001b[0;34m)\u001b[0m\u001b[0;34m.\u001b[0m\u001b[0mend\u001b[0m\u001b[0;34m(\u001b[0m\u001b[0;34m)\u001b[0m\u001b[0;34m)\u001b[0m\u001b[0;34m\u001b[0m\u001b[0;34m\u001b[0m\u001b[0m\n\u001b[0m\u001b[1;32m    338\u001b[0m         \u001b[0mend\u001b[0m \u001b[0;34m=\u001b[0m \u001b[0m_w\u001b[0m\u001b[0;34m(\u001b[0m\u001b[0ms\u001b[0m\u001b[0;34m,\u001b[0m \u001b[0mend\u001b[0m\u001b[0;34m)\u001b[0m\u001b[0;34m.\u001b[0m\u001b[0mend\u001b[0m\u001b[0;34m(\u001b[0m\u001b[0;34m)\u001b[0m\u001b[0;34m\u001b[0m\u001b[0;34m\u001b[0m\u001b[0m\n\u001b[1;32m    339\u001b[0m         \u001b[0;32mif\u001b[0m \u001b[0mend\u001b[0m \u001b[0;34m!=\u001b[0m \u001b[0mlen\u001b[0m\u001b[0;34m(\u001b[0m\u001b[0ms\u001b[0m\u001b[0;34m)\u001b[0m\u001b[0;34m:\u001b[0m\u001b[0;34m\u001b[0m\u001b[0;34m\u001b[0m\u001b[0m\n","\u001b[0;32m/usr/lib/python3.7/json/decoder.py\u001b[0m in \u001b[0;36mraw_decode\u001b[0;34m(self, s, idx)\u001b[0m\n\u001b[1;32m    353\u001b[0m             \u001b[0mobj\u001b[0m\u001b[0;34m,\u001b[0m \u001b[0mend\u001b[0m \u001b[0;34m=\u001b[0m \u001b[0mself\u001b[0m\u001b[0;34m.\u001b[0m\u001b[0mscan_once\u001b[0m\u001b[0;34m(\u001b[0m\u001b[0ms\u001b[0m\u001b[0;34m,\u001b[0m \u001b[0midx\u001b[0m\u001b[0;34m)\u001b[0m\u001b[0;34m\u001b[0m\u001b[0;34m\u001b[0m\u001b[0m\n\u001b[1;32m    354\u001b[0m         \u001b[0;32mexcept\u001b[0m \u001b[0mStopIteration\u001b[0m \u001b[0;32mas\u001b[0m \u001b[0merr\u001b[0m\u001b[0;34m:\u001b[0m\u001b[0;34m\u001b[0m\u001b[0;34m\u001b[0m\u001b[0m\n\u001b[0;32m--> 355\u001b[0;31m             \u001b[0;32mraise\u001b[0m \u001b[0mJSONDecodeError\u001b[0m\u001b[0;34m(\u001b[0m\u001b[0;34m\"Expecting value\"\u001b[0m\u001b[0;34m,\u001b[0m \u001b[0ms\u001b[0m\u001b[0;34m,\u001b[0m \u001b[0merr\u001b[0m\u001b[0;34m.\u001b[0m\u001b[0mvalue\u001b[0m\u001b[0;34m)\u001b[0m \u001b[0;32mfrom\u001b[0m \u001b[0;32mNone\u001b[0m\u001b[0;34m\u001b[0m\u001b[0;34m\u001b[0m\u001b[0m\n\u001b[0m\u001b[1;32m    356\u001b[0m         \u001b[0;32mreturn\u001b[0m \u001b[0mobj\u001b[0m\u001b[0;34m,\u001b[0m \u001b[0mend\u001b[0m\u001b[0;34m\u001b[0m\u001b[0;34m\u001b[0m\u001b[0m\n","\u001b[0;31mJSONDecodeError\u001b[0m: Expecting value: line 1 column 1 (char 0)"]}]},{"cell_type":"code","metadata":{"id":"FN92hrZ2AyzU"},"source":["for key,val in namesMap.items():\n","    # print(val)\n","    ids.append(key)\n","    names.append(val)"],"execution_count":null,"outputs":[]},{"cell_type":"code","metadata":{"id":"eiKvQ1D_Bkql","colab":{"base_uri":"https://localhost:8080/","height":1000},"executionInfo":{"status":"ok","timestamp":1594849865296,"user_tz":-330,"elapsed":4512,"user":{"displayName":"Dominic Michael Silveira","photoUrl":"https://lh3.googleusercontent.com/a-/AOh14GiV--7JlTKVtWNq77RgKjySBXjo9jQU14q4v01C2A=s64","userId":"08229176185667835276"}},"outputId":"92f0f97c-d216-4d68-a4f1-fd02d3fbc57e"},"source":["run_and_plot(ids,names,plot=True,df=True)"],"execution_count":null,"outputs":[{"output_type":"stream","text":["           82        83        84        85        86        87        88        89        90        91        92        93        94        95        96        97        98        99       100       101       102       103       104       105       106       107       108       109       110       111       112       113       114       115       116       117       118       119       120       121       122       123       124       125       126       127       128       129       130       131       132       133       134       135       136       137       138       139       140       141       142       143       144       145       146       147       148       149       150       151       152       153       154       155       156       157       158       159       160       161       162\n","82   1.000000  0.590873  0.629770  0.759467  0.648869  0.152980  0.291721  0.292034  0.172438  0.211316  0.279112  0.245285  0.248096  0.231372  0.242423  0.236521  0.284802  0.220278  0.316791  0.140855  0.295045  0.210033  0.238055  0.238658  0.202143  0.231910  0.297318  0.119883  0.269156  0.508011  0.357300  0.429615  0.282413  0.288712  0.262684  0.433192  0.451539  0.225520  0.259764  0.160508  0.169179  0.208761  0.284378  0.178944  0.210949  0.140787  0.238630  0.190038  0.242628  0.191549  0.111316  0.213732  0.162210  0.263146  0.234937  0.252190  0.276257  0.283785  0.284144  0.251315  0.100121  0.105360  0.122366  0.335061  0.219761  0.124879  0.156229  0.073549  0.284763  0.345877  0.304343  0.303560  0.288404  0.218089  0.267062  0.248768  0.187017  0.206800  0.224032  0.210532  0.193103\n","83   0.590873  1.000000  0.642297  0.619590  0.572747  0.192551  0.308366  0.292659  0.253348  0.184370  0.297955  0.246345  0.219789  0.227174  0.246502  0.297526  0.204039  0.268614  0.291071  0.194783  0.321744  0.318199  0.335195  0.250643  0.277483  0.259972  0.325945  0.150636  0.209611  0.408618  0.236496  0.395613  0.175474  0.214591  0.249569  0.383187  0.253404  0.152379  0.115295  0.094948  0.043063  0.117097  0.190582  0.112724  0.164168  0.158444  0.242412  0.089850  0.130751  0.208816  0.156338  0.212542  0.162177  0.182762  0.143904  0.172303  0.186558  0.184591  0.209735  0.163743  0.140226  0.189679  0.225204  0.226227  0.193130  0.202610  0.127370  0.177819  0.282183  0.248718  0.298838  0.258741  0.284751  0.183757  0.290832  0.261198  0.179996  0.216760  0.273774  0.161719  0.205417\n","84   0.629770  0.642297  1.000000  0.719170  0.621819  0.177906  0.303692  0.257200  0.237457  0.236484  0.332212  0.273813  0.271622  0.266796  0.294392  0.215345  0.273332  0.257197  0.359921  0.227382  0.332182  0.233178  0.328155  0.244830  0.226993  0.228012  0.387160  0.109431  0.245393  0.507386  0.364560  0.459428  0.302311  0.322337  0.357617  0.459380  0.325207  0.195425  0.261615  0.126701  0.096299  0.175102  0.184266  0.130954  0.149547  0.181471  0.203483  0.133598  0.193800  0.235293  0.185590  0.235874  0.202860  0.283298  0.166246  0.273305  0.251980  0.311152  0.302590  0.244898  0.169665  0.147391  0.175261  0.290866  0.245419  0.094129  0.218182  0.171660  0.330789  0.351697  0.389186  0.381888  0.182157  0.079066  0.254629  0.309453  0.219795  0.185412  0.240605  0.224302  0.183180\n","85   0.759467  0.619590  0.719170  1.000000  0.604299  0.165064  0.322550  0.269580  0.276847  0.266218  0.342883  0.273481  0.281112  0.242865  0.312607  0.225840  0.331877  0.234068  0.414292  0.211633  0.264813  0.230901  0.259092  0.262474  0.265441  0.271934  0.512609  0.180846  0.249739  0.483131  0.312884  0.411094  0.230042  0.408294  0.414483  0.431071  0.312247  0.171971  0.219214  0.161177  0.185434  0.214400  0.212820  0.170299  0.149061  0.142399  0.225032  0.191077  0.270510  0.196094  0.158695  0.209332  0.172719  0.281446  0.193719  0.208624  0.272679  0.294600  0.293228  0.250312  0.197532  0.114065  0.152361  0.281852  0.223405  0.135764  0.243810  0.111006  0.309748  0.366384  0.479436  0.335332  0.265736  0.193452  0.286994  0.422097  0.223815  0.260032  0.231554  0.248598  0.202005\n","86   0.648869  0.572747  0.621819  0.604299  1.000000  0.144005  0.258502  0.278068  0.221759  0.248193  0.283061  0.287021  0.257424  0.284851  0.290885  0.281218  0.269849  0.271381  0.360402  0.192441  0.418845  0.359918  0.356329  0.254017  0.292162  0.346495  0.319981  0.180569  0.166953  0.421687  0.322682  0.377503  0.258614  0.255888  0.243168  0.446815  0.382692  0.274166  0.322496  0.029202  0.063915  0.095434  0.211193  0.046965  0.124343  0.195580  0.168710  0.087481  0.167919  0.189064  0.178474  0.151652  0.113228  0.228534  0.143857  0.247896  0.244869  0.209709  0.280205  0.219137  0.169837  0.149216  0.201112  0.307679  0.181514  0.175840  0.160039  0.211100  0.262755  0.341241  0.298481  0.277235  0.271158  0.164088  0.322437  0.279837  0.139724  0.232206  0.243860  0.182799  0.147587\n","87   0.152980  0.192551  0.177906  0.165064  0.144005  1.000000  0.441969  0.344055  0.343388  0.274772  0.463002  0.444466  0.344684  0.365383  0.321662  0.407403  0.260717  0.451694  0.319445  0.313465  0.179170  0.194489  0.217574  0.394625  0.326776  0.319946  0.337610  0.264928  0.297693  0.165039  0.272104  0.144173  0.212962  0.214158  0.233779  0.195768  0.307731  0.354195  0.193164  0.222374  0.166020  0.215849  0.315488  0.210084  0.270533  0.284562  0.376469  0.287541  0.328189  0.182282  0.213182  0.339160  0.311400  0.274302  0.280817  0.300533  0.234175  0.206711  0.237164  0.296409  0.368896  0.186967  0.345250  0.338876  0.326922  0.243467  0.175195  0.296084  0.283964  0.251266  0.252733  0.276616  0.266838  0.253818  0.348816  0.209095  0.291666  0.382049  0.362722  0.310503  0.379804\n","88   0.291721  0.308366  0.303692  0.322550  0.258502  0.441969  1.000000  0.422568  0.485747  0.394799  0.484468  0.396780  0.316346  0.337227  0.385391  0.383977  0.538301  0.498280  0.446793  0.438841  0.214435  0.290630  0.253440  0.516141  0.333929  0.360428  0.416170  0.359206  0.151582  0.349523  0.404750  0.317004  0.359530  0.337685  0.347108  0.344922  0.326999  0.344935  0.254591  0.090545  0.094809  0.133581  0.101211  0.130888  0.102083  0.263901  0.259484  0.114347  0.188857  0.070384  0.101459  0.162115  0.102982  0.203835  0.142935  0.200325  0.237687  0.251749  0.267004  0.236540  0.348958  0.180046  0.387463  0.340046  0.376844  0.336334  0.353202  0.276503  0.263439  0.357961  0.342907  0.371122  0.375683  0.364461  0.408102  0.255055  0.318525  0.294496  0.301372  0.401895  0.395673\n","89   0.292034  0.292659  0.257200  0.269580  0.278068  0.344055  0.422568  1.000000  0.354162  0.283964  0.556916  0.450875  0.409645  0.462424  0.434210  0.458177  0.404041  0.452102  0.392452  0.382777  0.245115  0.198093  0.301982  0.469559  0.337638  0.392004  0.442127  0.229035  0.212509  0.218458  0.225998  0.221274  0.234472  0.282330  0.276807  0.238478  0.358399  0.228904  0.228513  0.096036  0.048608  0.095862  0.140500  0.109510  0.122384  0.192208  0.297539  0.175780  0.213280  0.202399  0.129221  0.129237  0.072504  0.250335  0.174457  0.232732  0.242536  0.266211  0.270465  0.171262  0.341275  0.060741  0.375665  0.350544  0.373316  0.197188  0.320661  0.248754  0.170847  0.230131  0.206381  0.174033  0.279022  0.268945  0.371701  0.280922  0.190702  0.175280  0.257130  0.247730  0.291068\n","90   0.172438  0.253348  0.237457  0.276847  0.221759  0.343388  0.485747  0.354162  1.000000  0.678556  0.451609  0.332577  0.319011  0.337492  0.371900  0.370771  0.493388  0.445741  0.356407  0.492269  0.185637  0.246141  0.166903  0.461531  0.381300  0.383213  0.472983  0.412865  0.273219  0.239712  0.288167  0.246883  0.263289  0.321485  0.319504  0.272240  0.283533  0.303642  0.249405  0.072525  0.023315  0.085235  0.132985  0.111549  0.147905  0.368013  0.181436  0.204562  0.270177  0.203074  0.171760  0.154825  0.129426  0.210338  0.205187  0.244594  0.195127  0.268351  0.227477  0.386207  0.320685  0.115468  0.347426  0.264801  0.344857  0.408832  0.501080  0.350273  0.229016  0.311337  0.278586  0.279771  0.338457  0.299788  0.388623  0.220675  0.177095  0.243034  0.198237  0.412276  0.336795\n","91   0.211316  0.184370  0.236484  0.266218  0.248193  0.274772  0.394799  0.283964  0.678556  1.000000  0.436282  0.337149  0.297555  0.290883  0.346917  0.442380  0.502831  0.449854  0.374249  0.430943  0.234159  0.183153  0.164474  0.436596  0.370749  0.425178  0.496485  0.396634  0.255234  0.234509  0.274391  0.228963  0.227271  0.344090  0.321582  0.364672  0.397345  0.387460  0.290647  0.078932  0.029604  0.064176  0.175440  0.081710  0.172410  0.397645  0.155495  0.299805  0.351052  0.213789  0.201495  0.114805  0.147550  0.263365  0.199525  0.308506  0.235301  0.289267  0.284824  0.488489  0.342645  0.174093  0.338044  0.227707  0.256449  0.357648  0.319591  0.343108  0.353808  0.379013  0.315694  0.383157  0.327706  0.243746  0.313941  0.277221  0.227079  0.304306  0.223030  0.381140  0.355367\n","92   0.279112  0.297955  0.332212  0.342883  0.283061  0.463002  0.484468  0.556916  0.451609  0.436282  1.000000  0.501831  0.459707  0.471516  0.460091  0.514052  0.389208  0.566093  0.511809  0.561333  0.342287  0.323756  0.278400  0.486474  0.380685  0.465776  0.481666  0.303646  0.237201  0.272651  0.313886  0.272513  0.285854  0.355619  0.389730  0.356183  0.404941  0.354456  0.275322  0.110328  0.046073  0.089587  0.196651  0.113495  0.161936  0.263404  0.259235  0.264874  0.302355  0.249033  0.213906  0.239294  0.230368  0.274520  0.173895  0.299808  0.287719  0.348173  0.327044  0.280438  0.386635  0.161729  0.305302  0.285222  0.410086  0.247577  0.249549  0.332485  0.220327  0.273365  0.254620  0.268422  0.190846  0.184160  0.268794  0.270585  0.341920  0.246249  0.323451  0.312876  0.374357\n","93   0.245285  0.246345  0.273813  0.273481  0.287021  0.444466  0.396780  0.450875  0.332577  0.337149  0.501831  1.000000  0.899857  0.888309  0.848404  0.513334  0.332286  0.465548  0.402190  0.404160  0.407578  0.329438  0.424820  0.386727  0.445427  0.514021  0.501260  0.239076  0.271537  0.279186  0.303025  0.273021  0.271117  0.381087  0.404091  0.323240  0.443406  0.302398  0.248673  0.093597  0.024669  0.114995  0.158404  0.061689  0.097917  0.201088  0.243125  0.245582  0.276036  0.323469  0.278761  0.171419  0.136412  0.273239  0.169651  0.249791  0.259611  0.285420  0.276165  0.339789  0.387371  0.158998  0.460402  0.354055  0.436850  0.213255  0.179355  0.332087  0.228947  0.290218  0.241486  0.263163  0.282924  0.238812  0.332528  0.374107  0.267460  0.236488  0.350237  0.317206  0.429939\n","94   0.248096  0.219789  0.271622  0.281112  0.257424  0.344684  0.316346  0.409645  0.319011  0.297555  0.459707  0.899857  1.000000  0.916010  0.877395  0.386431  0.265518  0.399191  0.357413  0.361610  0.404316  0.301599  0.436416  0.320648  0.391802  0.440312  0.426199  0.194847  0.265089  0.291720  0.275973  0.250709  0.231939  0.346073  0.363743  0.264287  0.383964  0.183172  0.226858  0.139927  0.026267  0.148339  0.129678  0.098582  0.093709  0.144947  0.179399  0.230595  0.245702  0.322749  0.278011  0.186156  0.141717  0.240166  0.139151  0.216032  0.233365  0.264540  0.251174  0.287285  0.315627  0.160195  0.388658  0.325605  0.342952  0.165197  0.192097  0.296952  0.238796  0.313637  0.269478  0.299306  0.250425  0.229308  0.279937  0.348549  0.277380  0.198618  0.335589  0.322200  0.370108\n","95   0.231372  0.227174  0.266796  0.242865  0.284851  0.365383  0.337227  0.462424  0.337492  0.290883  0.471516  0.888309  0.916010  1.000000  0.854333  0.438962  0.319033  0.427047  0.370150  0.407092  0.431292  0.319841  0.423936  0.365512  0.417736  0.465104  0.454639  0.246187  0.244714  0.277997  0.279093  0.258821  0.249554  0.350569  0.357501  0.303561  0.408240  0.252375  0.277165  0.121996  0.031399  0.135108  0.136799  0.099454  0.105657  0.176227  0.220900  0.172335  0.179472  0.314516  0.275683  0.215784  0.167958  0.247942  0.153021  0.223816  0.232180  0.267804  0.261788  0.290244  0.310342  0.190383  0.417342  0.340904  0.342608  0.153622  0.193114  0.301352  0.231597  0.295742  0.241974  0.261249  0.200348  0.189019  0.294219  0.351004  0.245964  0.187530  0.317791  0.325510  0.345561\n","96   0.242423  0.246502  0.294392  0.312607  0.290885  0.321662  0.385391  0.434210  0.371900  0.346917  0.460091  0.848404  0.877395  0.854333  1.000000  0.433363  0.323214  0.442817  0.383243  0.424919  0.394295  0.300874  0.426675  0.390327  0.433414  0.481974  0.467649  0.258566  0.239935  0.322070  0.300435  0.302950  0.264106  0.367049  0.380299  0.319560  0.376634  0.244081  0.274048  0.090100 -0.008738  0.121639  0.099208  0.065754  0.069408  0.180052  0.167554  0.190723  0.217053  0.304930  0.271027  0.114478  0.076634  0.213078  0.093641  0.201390  0.188340  0.239265  0.226088  0.260324  0.323650  0.152395  0.413172  0.310137  0.355634  0.224041  0.200596  0.309652  0.236060  0.281803  0.279286  0.273116  0.257258  0.246960  0.329732  0.363319  0.297970  0.226004  0.353990  0.333180  0.345026\n","97   0.236521  0.297526  0.215345  0.225840  0.281218  0.407403  0.383977  0.458177  0.370771  0.442380  0.514052  0.513334  0.386431  0.438962  0.433363  1.000000  0.353677  0.516180  0.401921  0.513670  0.454874  0.347431  0.285631  0.369490  0.539406  0.460748  0.431271  0.424096  0.241213  0.189475  0.226488  0.239393  0.232041  0.284773  0.300612  0.290396  0.367791  0.375512  0.246250  0.125304  0.074549  0.143182  0.186279  0.071038  0.070228  0.251988  0.297014  0.212663  0.242236  0.270312  0.128346  0.140847  0.152441  0.282335  0.248254  0.276311  0.243543  0.326128  0.292699  0.290727  0.386674  0.142553  0.345194  0.206825  0.396620  0.256510  0.190056  0.290213  0.287723  0.293371  0.262078  0.262563  0.198391  0.156400  0.294230  0.183486  0.203674  0.194748  0.315779  0.203021  0.447833\n","98   0.284802  0.204039  0.273332  0.331877  0.269849  0.260717  0.538301  0.404041  0.493388  0.502831  0.389208  0.332286  0.265518  0.319033  0.323214  0.353677  1.000000  0.347497  0.359407  0.464043  0.168527  0.120203  0.161251  0.461532  0.347994  0.357711  0.533458  0.448325  0.062300  0.298422  0.497571  0.303677  0.462164  0.565638  0.386700  0.424979  0.422186  0.389245  0.304974 -0.013811 -0.002800  0.019010  0.064926  0.035682  0.058503  0.228966  0.209628 -0.008734  0.074267 -0.002840 -0.021619  0.036026  0.000235  0.122997  0.065944  0.064387  0.123698  0.141977  0.171200  0.271595  0.338554  0.237823  0.383865  0.370165  0.258463  0.285370  0.431224  0.276205  0.356420  0.638964  0.375951  0.383438  0.270148  0.249953  0.325667  0.305734  0.240690  0.271339  0.188403  0.476152  0.260242\n","99   0.220278  0.268614  0.257197  0.234068  0.271381  0.451694  0.498280  0.452102  0.445741  0.449854  0.566093  0.465548  0.399191  0.427047  0.442817  0.516180  0.347497  1.000000  0.417687  0.417538  0.393239  0.241123  0.320605  0.484524  0.409773  0.487806  0.485037  0.380389  0.323338  0.217631  0.274513  0.281239  0.306338  0.350969  0.379803  0.337386  0.452288  0.314229  0.329799  0.150651  0.127113  0.158129  0.190641  0.134289  0.151732  0.286189  0.263806  0.224361  0.227566  0.224966  0.150168  0.214727  0.199184  0.269528  0.205144  0.354385  0.250091  0.317783  0.247947  0.340391  0.440562  0.187351  0.465279  0.290445  0.368485  0.303093  0.252853  0.335996  0.285995  0.314297  0.273944  0.363119  0.236073  0.161424  0.287463  0.249469  0.289765  0.215572  0.338623  0.307746  0.399997\n","100  0.316791  0.291071  0.359921  0.414292  0.360402  0.319445  0.446793  0.392452  0.356407  0.374249  0.511809  0.402190  0.357413  0.370150  0.383243  0.401921  0.359407  0.417687  1.000000  0.384755  0.260321  0.255592  0.214833  0.397623  0.290519  0.477404  0.448196  0.305379  0.145617  0.268669  0.291146  0.273709  0.258343  0.348777  0.361447  0.308927  0.311913  0.284690  0.246556 -0.041953 -0.073989 -0.017634  0.039060 -0.033176  0.006889  0.278164  0.162247  0.086181  0.160023  0.163583  0.125882  0.058810  0.020439  0.219030  0.153426  0.253868  0.245128  0.283465  0.261706  0.193274  0.305095  0.111186  0.238453  0.265441  0.233531  0.218631  0.253582  0.240646  0.240487  0.317480  0.352434  0.295637  0.139660  0.127753  0.232786  0.261191  0.284738  0.291652  0.402352  0.179452  0.272102\n","101  0.140855  0.194783  0.227382  0.211633  0.192441  0.313465  0.438841  0.382777  0.492269  0.430943  0.561333  0.404160  0.361610  0.407092  0.424919  0.513670  0.464043  0.417538  0.384755  1.000000  0.367037  0.316578  0.246370  0.445526  0.482628  0.342937  0.441824  0.348331  0.181740  0.226655  0.248954  0.186689  0.188679  0.282983  0.265714  0.272722  0.284833  0.326356  0.173807  0.096455  0.009790  0.076138  0.094431  0.086694  0.092036  0.208598  0.171394  0.137312  0.176356  0.171560  0.150848  0.109566  0.136715  0.196594  0.099315  0.147338  0.172425  0.241163  0.235514  0.225690  0.375338  0.274744  0.229548  0.162666  0.300715  0.228740  0.319124  0.285671  0.237119  0.309842  0.293374  0.322628  0.184920  0.190165  0.256749  0.267769  0.187338  0.161361  0.212148  0.300292  0.324588\n","102  0.295045  0.321744  0.332182  0.264813  0.418845  0.179170  0.214435  0.245115  0.185637  0.234159  0.342287  0.407578  0.404316  0.431292  0.394295  0.454874  0.168527  0.393239  0.260321  0.367037  1.000000  0.616738  0.666234  0.194149  0.503542  0.381846  0.389258  0.224832  0.214785  0.227055  0.132748  0.296283  0.189546  0.257920  0.269285  0.346851  0.390893  0.176719  0.183040  0.205348  0.135360  0.213570  0.167704  0.147602  0.090241  0.213590  0.219365  0.174298  0.162384  0.392160  0.234603  0.132779  0.179354  0.305415  0.268669  0.343262  0.252171  0.378237  0.316054  0.222397  0.320279  0.219399  0.172525  0.152452  0.288985  0.076561  0.077965  0.203241  0.274301  0.300031  0.251212  0.305765  0.133791  0.052906  0.164363  0.309197  0.203718  0.170641  0.314950  0.124994  0.347778\n","103  0.210033  0.318199  0.233178  0.230901  0.359918  0.194489  0.290630  0.198093  0.246141  0.183153  0.323756  0.329438  0.301599  0.319841  0.300874  0.347431  0.120203  0.241123  0.255592  0.316578  0.616738  1.000000  0.542738  0.238163  0.377090  0.365154  0.329425  0.179104  0.104327  0.230882  0.119375  0.190451  0.069849  0.131099  0.160720  0.218331  0.185784  0.173682  0.144879  0.064677  0.013519  0.085585  0.063527  0.063075  0.028435  0.154483  0.131394  0.077210  0.117462  0.266122  0.255743  0.123610  0.142189  0.099275  0.045391  0.146304  0.165300  0.226394  0.215066  0.197030  0.154693  0.197636  0.194024  0.053796  0.325073  0.100969  0.096881  0.268011  0.199428  0.145401  0.236070  0.210815  0.188564  0.239580  0.232783  0.290664  0.179237  0.202223  0.288289  0.158063  0.258966\n","104  0.238055  0.335195  0.328155  0.259092  0.356329  0.217574  0.253440  0.301982  0.166903  0.164474  0.278400  0.424820  0.436416  0.423936  0.426675  0.285631  0.161251  0.320605  0.214833  0.246370  0.666234  0.542738  1.000000  0.325022  0.441613  0.366336  0.377475  0.213626  0.177003  0.270519  0.178033  0.277099  0.170771  0.240475  0.281887  0.290559  0.325039  0.199384  0.213030  0.100342  0.139233  0.160906  0.145534  0.109224  0.071831  0.163588  0.215452  0.083171  0.136326  0.374262  0.296309  0.164518  0.138668  0.285408  0.222484  0.274921  0.287699  0.350649  0.296483  0.212834  0.273237  0.206447  0.337280  0.163827  0.262248  0.183827  0.114299  0.282475  0.249417  0.269424  0.311814  0.281442  0.166677  0.159950  0.225039  0.406588  0.253629  0.329879  0.361816  0.174304  0.326315\n","105  0.238658  0.250643  0.244830  0.262474  0.254017  0.394625  0.516141  0.469559  0.461531  0.436596  0.486474  0.386727  0.320648  0.365512  0.390327  0.369490  0.461532  0.484524  0.397623  0.445526  0.194149  0.238163  0.325022  1.000000  0.269989  0.378076  0.434005  0.311863  0.209918  0.339732  0.352142  0.305874  0.297324  0.329597  0.345276  0.348427  0.361304  0.351074  0.254135  0.026562  0.074364  0.046456  0.144103  0.076744  0.132261  0.295936  0.172347  0.106349  0.177522  0.193428  0.193607  0.191245  0.135425  0.267840  0.183605  0.209380  0.268153  0.251230  0.266346  0.295222  0.338233  0.225328  0.389547  0.265494  0.265918  0.390053  0.307637  0.262264  0.322728  0.362193  0.344337  0.315061  0.304860  0.334109  0.385816  0.212215  0.282727  0.312101  0.269923  0.338987  0.327880\n","106  0.202143  0.277483  0.226993  0.265441  0.292162  0.326776  0.333929  0.337638  0.381300  0.370749  0.380685  0.445427  0.391802  0.417736  0.433414  0.539406  0.347994  0.409773  0.290519  0.482628  0.503542  0.377090  0.441613  0.269989  1.000000  0.537116  0.477867  0.328085  0.202536  0.205866  0.207145  0.197192  0.166753  0.257146  0.260717  0.280860  0.333699  0.258304  0.273794  0.076551  0.077462  0.135451  0.153878  0.039321  0.027830  0.217331  0.268316  0.122408  0.170419  0.384542  0.190506  0.118395  0.158765  0.185233  0.144291  0.189920  0.135080  0.290959  0.184632  0.259926  0.510113  0.326025  0.333498  0.304756  0.357984  0.139282  0.236407  0.312956  0.379055  0.353230  0.423344  0.395062  0.260784  0.205924  0.333476  0.485960  0.233612  0.205796  0.300112  0.325460  0.380584\n","107  0.231910  0.259972  0.228012  0.271934  0.346495  0.319946  0.360428  0.392004  0.383213  0.425178  0.465776  0.514021  0.440312  0.465104  0.481974  0.460748  0.357711  0.487806  0.477404  0.342937  0.381846  0.365154  0.366336  0.378076  0.537116  1.000000  0.564832  0.375382  0.151995  0.246091  0.318519  0.274433  0.279744  0.376725  0.397806  0.367447  0.459906  0.333377  0.339969 -0.049487 -0.040368  0.006195  0.102841 -0.066835  0.000387  0.288372  0.209547  0.156585  0.232815  0.405867  0.286073  0.132493  0.180802  0.235599  0.130771  0.268160  0.281927  0.309396  0.285383  0.318267  0.323655  0.214186  0.346808  0.406468  0.368754  0.333993  0.234895  0.310343  0.293936  0.334546  0.330714  0.278022  0.282548  0.240587  0.393940  0.318264  0.192718  0.254377  0.320268  0.216923  0.363730\n","108  0.297318  0.325945  0.387160  0.512609  0.319981  0.337610  0.416170  0.442127  0.472983  0.496485  0.481666  0.501260  0.426199  0.454639  0.467649  0.431271  0.533458  0.485037  0.448196  0.441824  0.389258  0.329425  0.377475  0.434005  0.477867  0.564832  1.000000  0.340617  0.275366  0.338549  0.399545  0.304728  0.321616  0.681764  0.697365  0.477474  0.636736  0.362029  0.381104  0.078406  0.086274  0.120519  0.139570  0.090270  0.087948  0.238925  0.228505  0.233400  0.311670  0.325405  0.179834  0.133746  0.153551  0.256513  0.224309  0.224160  0.253884  0.355952  0.270325  0.337269  0.384170  0.237835  0.310752  0.284243  0.359363  0.280393  0.298823  0.276093  0.368883  0.477239  0.543890  0.402403  0.202475  0.169407  0.336583  0.545173  0.293069  0.314500  0.356293  0.328127  0.338362\n","109  0.119883  0.150636  0.109431  0.180846  0.180569  0.264928  0.359206  0.229035  0.412865  0.396634  0.303646  0.239076  0.194847  0.246187  0.258566  0.424096  0.448325  0.380389  0.305379  0.348331  0.224832  0.179104  0.213626  0.311863  0.328085  0.375382  0.340617  1.000000  0.060735  0.109793  0.179558  0.129546  0.196402  0.218084  0.191831  0.218908  0.176960  0.292724  0.140362 -0.039322 -0.008618  0.029117  0.086720 -0.018232  0.022231  0.217771  0.170076 -0.020389  0.092370  0.150164  0.091902  0.049253  0.093150  0.166022  0.155100  0.140828  0.139680  0.186777  0.176809  0.294557  0.282113  0.127238  0.348926  0.261414  0.273110  0.397192  0.357812  0.361312  0.247990  0.269592  0.268939  0.196420  0.211482  0.153120  0.289270  0.222937  0.082852  0.230605  0.157173  0.199801  0.315238\n","110  0.269156  0.209611  0.245393  0.249739  0.166953  0.297693  0.151582  0.212509  0.273219  0.255234  0.237201  0.271537  0.265089  0.244714  0.239935  0.241213  0.062300  0.323338  0.145617  0.181740  0.214785  0.104327  0.177003  0.209918  0.202536  0.151995  0.275366  0.060735  1.000000  0.274152  0.245760  0.276591  0.260916  0.220738  0.258501  0.303938  0.333354  0.270416  0.274474  0.498644  0.557658  0.557289  0.720269  0.435022  0.537160  0.123077  0.574598  0.594088  0.665909  0.293895  0.246560  0.510273  0.507331  0.469574  0.331860  0.430676  0.380377  0.422780  0.360651  0.261716  0.158211  0.121262  0.257780  0.216090  0.271108  0.176704  0.190245  0.178819  0.216169  0.167267  0.212991  0.218481  0.251491  0.221852  0.251950  0.282058  0.164508  0.168945  0.187835  0.162165  0.201321\n","111  0.508011  0.408618  0.507386  0.483131  0.421687  0.165039  0.349523  0.218458  0.239712  0.234509  0.272651  0.279186  0.291720  0.277997  0.322070  0.189475